f_avg_L_Elbow.obj 0.52711826953125 1.3335637500000006 -0.03603336328124998
f_avg_R_Elbow.obj -0.5252587031249998 1.3313850351562495 -0.038428769531250025
f_avg_L_Shoulder.obj 0.2827622638436481 1.32286493159609 -0.03098756677524431
f_avg_L_Knee.obj 0.0942666306306307 0.291414036036036 -0.028955779279279302
f_avg_R_Ankle.obj -0.10283163888888892 0.037643375000000014 -0.01264975
f_avg_R_Collar.obj -0.13738250000000002 1.3405219214285717 -0.03796831428571427
f_avg_L_Ankle.obj 0.10195434027777779 0.03699663194444442 -0.016501840277777777
f_avg_L_Hand.obj 0.7825995320388347 1.3267290427184468 -0.05698431456310678
f_avg_Spine3.obj 0.0009172209469153616 1.2807244433285525 -0.0028827948350071734
f_avg_L_Collar.obj 0.14177012142857148 1.3418928642857146 -0.034777835714285735
f_avg_L_Foot.obj 0.11467853676470585 0.011892595588235291 0.11480742647058825
f_avg_Spine1.obj -0.0005667977528090078 1.061701097378278 0.02773047191011238
f_avg_R_Hand.obj -0.7834449514563108 1.3242312854368918 -0.060512357281553415
f_avg_Pelvis.obj -0.0006677855579868866 0.9117718796498899 0.013632004376367616
f_avg_Head.obj -0.0007392873563218189 1.5263223300492612 0.053663385057471334
f_avg_Spine2.obj 0.0012838093385214263 1.1541783618677048 0.059176696498054474
f_avg_R_Foot.obj -0.11433451470588234 0.011140154411764708 0.11918253676470594
f_avg_R_Hip.obj -0.07706726394052037 0.6570832862453531 0.0231470223048327
f_avg_R_Shoulder.obj -0.2820967450980394 1.3204172581699343 -0.03433445424836602
f_avg_R_Knee.obj -0.09555834684684683 0.29173525225225244 -0.028990054054054054
f_avg_Neck.obj 0.0005251931034482745 1.4227073241379304 0.004870931034482762
f_avg_L_Hip.obj 0.07719192164179108 0.6574082164179111 0.0246939776119403
f_avg_L_Wrist.obj 0.708533278688524 1.321935072131147 -0.019544245901639362
f_avg_R_Wrist.obj -0.7088853704918032 1.3193913967213104 -0.021901524590163948
